0 0 0
1,9634955
-0,51
3,209996
__group__
la gantelya
-129,49641
0
-122,302155
1
1
1
0
0
0
IcoSphere
0
0
0
60
60
60
0
0
2,531361
82 218 119
Toroid
43,165466
28,776976
0
45
40
40
0
0
2,531361
71 106 255
__group__
grif
0
0
0
1
1
1
0
0
0
Cylinder
-200
201,38849
220,21582
7,5
220
7,5
1,57
0
0
255 255 255
Cylinder
-200
201
205,61151
25
10
25
1,57
0
0
255 255 255
Cylinder
-200
201
284,7482
10
40
10
1,57
0
0
255 255 255
Cylinder
-200
201
-185
25
10
25
1,57
0
0
255 255 255
Cylinder
-200
201
-205,61151
10
40
10
1,57
0
0
255 255 255
Cylinder
-200
201
-212,80576
70
30
70
1,57
0
0
221 72 72
__group__
lavka
0
0
0
1
1
1
0
0
0
Cylinder
0
-28,776978
0
15
65,98282
15
0
0
0
218 209 209
Box
-100,71942
101,43855
0
386,33093
20
100
0
0
0
58 53 53
Box
-230,21582
79,13669
0
35
35
315,57553
0
0
0
218 209 209
Box
0
-21,582733
0
35
35
70
0
0
0
218 209 209
Box
-230,21582
120
-143,88489
35
300
35
0
0
0
218 209 209
Box
-230,01581
120
143,88489
35
300
35
0
0
0
218 209 209
Box
-200
187,05035
-143
40
10
30
0
0
2,8
219 209 209
Box
-200
187,05035
143
40
10
30
0
0
2,8
218 209 209
Cylinder
-206,63309
31,223022
194,2446
80
15
80
5,1420546
0
0
83 132 94
Cylinder
-192,2446
-2,7482
264,58273
60
15
60
5,5940833
0
0
208 236 159
