lavka
Cylinder
0
-28,776978
0
15
65,98282
15
0
0
0
218 209 209
Box
-100,71942
101,43855
0
386,33093
20
100
0
0
0
58 53 53
Box
-230,21582
79,13669
0
35
35
315,57553
0
0
0
218 209 209
Box
0
-21,582733
0
35
35
70
0
0
0
218 209 209
Box
-230,21582
120
-143,88489
35
300
35
0
0
0
218 209 209
Box
-230,01581
120
143,88489
35
300
35
0
0
0
218 209 209
Box
-200
187,05035
-143
40
10
30
0
0
2,8
219 209 209
Box
-200
187,05035
143
40
10
30
0
0
2,8
218 209 209
Cylinder
-206,63309
31,223022
194,2446
80
15
80
5,1420546
0
0
83 132 94
Cylinder
-192,2446
-2,7482
264,58273
60
15
60
5,5940833
0
0
208 236 159
